20184633
20184634
20184635
20184636
20184637
20184638
20184670
20184671
20184672
20184673
20184674
20184675
20184698
20184699
20184700
20184701
20184702
20184703
20184704
20184728
20184729
20184730
20184731
20184732
20184733
20184766
20184767
20184768
20184769
20184770
23016331
23016332
23016333
23016334
23016335
23016336
23016337
23016405
23016406
23016407
23016408
23016409
23016410
23016431
23016432
23016433
23016434
23016435
23016436
23016437
23016460
23016461
23016462
23016463
23016464
23016465
23016466
23263641
23263642
23263643
23263644
23263645
23263646
23263668
23263669
23263670
23263671
23263672
23263673
23263674
23324269
23324270
23324271
23324272
23324273
23324274
23324275
23324301
23324302
23324303
23324304
23324305
23324306
24541016
24541017
24541018
24541019
24541020
24541021
24541022
24541046
24541047
24541048
24541049
24541050
24541051
24541052
24541053
24541077
24541078
24541079
24541080
24541081
24541082
24541083
24541084
24541108
24541109
24541110
24541111
24541112
24541113
24541114
24541115
24541139
24541140
24541141
24541142
24541143
24541144
24541145
24541169
24541170
24541171
24541172
24541173
24541174
24541175
24541176
24541198
24541199
24541200
24541201
24541202
24541203
24541204
24541205
24541206
24541229
24541230
24541231
24541232
24541233
24541234
24541235
24541236
24541286
24541287
24541288
24541289
24541290
24541291
24541292
24541293
24541316
24541317
24541318
24541319
24541320
24541321
24541322
24541323
24541377
24541378
24541379
24541380
24541381
24541382
24541383
24541384
24541385
3070370
3070371
3070372
3070373
3070406
3070407
3070408
3070409
3070410
3070443
3070444
3070445
3070446
3070447
3070448
3070488
3070489
3070490
3070491
3070492
3070530
3070531
3070532
3070533
3070534
3070535
3070569
3070570
3070571
3070572
3070573
3070574
3070603
3070604
3070605
3070606
3070607
3070638
3070641
3070642
3070643
3070644
3070645
3070646
3070647
3661187
3661188
3661189
3661190
3661191
3661192
3661215
3661216
3661217
3661218
3661219
3661220
3661242
3661243
3661244
3661245
3661246
3661247
3661268
3661269
3661270
3661271
3661272
3661273
3661302
3661303
3661304
3661305
3661306
3661307
3661330
3661331
3661332
3661333
3661334
3661358
3661359
3661360
3661361
3661362
3661363
3661387
3661388
3661389
3661390
3661391
3661392
3661416
3661417
3661418
3661419
3661420
3661421
3661444
3661445
3661446
3661447
3661448
3661449
3661450
3661474
3661475
3661476
3661477
3661478
3661479
3661480
3661506
3661507
3661508
3661509
3661510
3661511
3661532
3661533
3661534
3661535
3661536
3661562
3661565
3661566
3661567
3661568
3661569
3661570
3661593
3661594
3661595
3661596
3661597
3661598
3661599
40267509
40267510
40267511
40267512
40267513
40267514
40267537
40267538
40267539
40267540
40267541
40267542
40267565
40267566
40267567
40267568
40267569
40267570
40587649
40587650
40587651
40587652
40587653
40587654
40587655
40587678
40587679
40587680
40587681
40587682
40587867
40587868
40587869
40587870
40587871
40587872
40782991
40782992
40782993
40782994
40782995
40782996
40783066
40783067
40783068
40783069
40783070
4095439
4095440
4095441
4095442
4095443
4095444
4095469
4095470
4095471
4095472
4095473
4095474
4095484
4095485
4095486
4095487
4095488
4095508
4095509
4095510
4095511
4095512
4095513
40961084
40961085
40961086
40961087
40961088
40961089
40961112
40961113
40961114
40961115
40961116
40961117
41410060
41410061
41410062
41410063
41410064
41410065
41410066
41410087
41410088
41410089
41410090
41410091
41410092
42003620
42003621
42003622
42003623
42003624
42003625
42003626
42003649
42003650
42003651
42003652
42003653
42003654
42003655
42003678
42003679
42003680
42003681
42003682
42003683
42003684
42003754
42003755
42003756
42003757
42003758
42003759
42003760
44016421
44016422
44016423
44016424
44016425
44016426
44016427
44016428
44016451
44016452
44016453
44016454
44016455
44016456
44016457
44016458
44016459
44016482
44016483
44016484
44016485
44016486
44016487
44016488
44016489
44016512
44016513
44016514
44016515
44016516
44016517
44016518
44016519
44505619
44505620
44505621
44505622
44505623
44505624
44505625
44505626
4501515
4501516
4501517
4501518
4501519
4501520
4501521
4501522
4501523
4501524
4501525
4501561
4501562
4501563
4501564
4501565
4501566
4501579
4501580
4501581
4501582
4501583
4501584
4501596
4501597
4501598
4501599
4501600
4501601
4501624
4501625
4501626
4501627
4501628
4501629
4501657
4501658
4501659
4501660
4501661
4501662
507498
507499
507500
507501
507502
507503
507504
507505
507506
507507
507508
507509
507510
507511
507512
507513
507535
507536
507537
507538
507539
507540
507541
507542
507543
507544
507545
507569
507570
507571
507572
507573
507574
507575
507576
507577
507578
507579
507580
507581
507605
507606
507607
507608
507609
507610
507611
507612
507613
507614
507615
507616
507617
507618
507636
507641
507642
507643
507644
507645
507646
507647
507648
507649
507650
507651
507652
507653
507654
507655
507669
507670
507671
507672
507673
507674
507675
507676
507698
507699
507700
507701
507702
507703
507704
507705
507706
507707
507708
507709
507710
507711
507712
507724
507725
507726
507727
507728
507729
507730
507731
507732
507733
507734
507735
507736
507737
507738
507756
507759
507760
507761
507762
507763
507764
507765
507766
507767
507768
507769
507770
507794
507795
507796
507797
507798
507799
507800
507801
507802
507803
507804
507805
507816
507817
507818
507819
507820
507821
507822
507823
507838
507839
507840
507841
507842
507843
507844
507845
507846
507847
507863
507864
507865
507866
507867
507868
507869
507870
507871
507872
507873
507874
507875
507893
507894
507895
507896
507897
507898
507899
507900
507919
507920
507921
507922
507923
507924
507925
507926
507927
507928
507929
507948
507949
507950
507951
507952
507953
507954
507955
507956
507957
507958
507959
507960
507961
507962
507963
507977
507982
507983
507984
507985
507986
507987
507988
507989
507990
507991
507992
508016
508020
508021
508022
508023
508024
508025
508026
508027
508028
508029
508030
508055
508056
508057
508058
508059
508060
508061
508062
508063
508064
508065
508066
508067
508068
508080
508081
508082
508083
508084
508085
508086
508112
508113
508114
508115
508116
508117
508118
508119
508120
508121
508122
508123
508124
508125
508139
508141
508142
508143
508144
508145
508146
508147
508148
508149
508150
508151
508152
508153
508154
508155
508156
508168
508169
508170
508171
508172
508173
508174
508175
508176
508177
508178
508207
508208
508209
508210
508211
508212
508213
508214
508215
508233
508234
508235
508236
508237
508238
508239
508240
508241
508271
508275
508276
508277
508278
508279
508280
508281
508282
508283
508284
508285
508286
508301
508302
508303
508304
508305
508306
508307
508308
508309
508347
508348
508349
508350
508351
508352
508354
508355
508356
508357
508358
508359
508360
508361
508362
508363
508364
508365
508381
508382
508383
508384
508385
508386
508387
508388
508389
508390
508391
508392
508393
508423
508424
508425
508426
508427
508428
508429
508430
508431
508432
508433
508434
508435
508436
508437
508438
508439
508440
508453
508456
508457
508458
508459
508460
508461
508462
508463
508464
508465
508466
508498
508499
508500
508501
508502
508503
508504
508505
508506
508507
508508
508509
508510
508511
508527
508528
508529
508530
508531
508532
508533
508534
508535
508536
508537
508538
508539
508555
508557
508558
508559
508560
508561
508562
508563
508564
508565
508566
508567
508568
508588
508589
508590
508591
508592
508593
508594
508595
508596
508597
508633
508634
508635
508636
508637
508638
508639
508640
508641
508642
508643
508644
508645
508646
508647
508648
508649
508672
508673
508674
508675
508676
508677
508678
508679
508680
508681
508698
508700
508701
508702
508703
508704
508705
508706
508707
508708
508709
508710
508711
508712
508713
508714
508715
508728
508729
508730
508731
508732
508733
508734
508735
508736
508738
508773
508774
508775
508776
508777
508778
508779
508780
508781
508782
508783
508784
508785
508801
508802
508803
508804
508805
508806
508807
508808
508809
508827
508828
508829
508830
508831
508832
508833
508834
508835
508836
508837
508838
508839
508840
508856
508857
508858
508859
508860
508861
508862
508863
508864
508865
508866
508867
508868
508869
508870
508871
508872
508873
508888
508889
508890
508891
508892
508893
508894
508895
508896
508897
508898
508899
508900
508901
508913
508914
508915
508916
508917
508918
508919
508920
508921
508922
508942
508943
508944
508945
508946
508947
508948
508949
508950
508951
508967
508969
508970
508971
508972
508973
508974
508975
508976
508977
508992
508993
508994
508995
508996
508997
508998
508999
509000
509001
509002
509020
509021
509022
509023
509024
509025
509026
509027
509028
509029
509039
509040
509041
509042
509043
509044
509045
509046
509047
509048
509074
509075
509076
509077
509078
509079
509080
509081
509082
509100
509101
509102
509103
509104
509120
509121
509122
509123
509124
509125
509126
509127
509128
509129
509130
509131
509132
509156
509157
509158
509159
509160
509161
509162
509163
509171
509172
509173
509174
509175
509176
509177
509178
509179
509180
509181
509188
509189
509190
509191
509192
509205
509206
509207
509208
509209
509210
509211
509212
509232
509233
509234
509235
509236
509237
509238
509239
509240
509264
509265
509266
509267
509268
509269
509270
509271
509272
509285
509286
509287
509288
509289
509290
509291
509292
509293
509294
509295
509324
509325
509326
509327
509328
509329
509330
509345
509346
509347
509348
509349
509350
509351
509352
509377
509378
509379
509380
509381
509382
509383
509384
509385
509386
509396
509397
509398
509399
509400
509401
509402
509403
509423
509424
509425
509426
509427
509428
509429
509430
509459
509460
509461
509462
509463
509464
509465
509466
509467
509468
509485
509486
509487
509488
509489
509490
509491
509492
509493
509514
509515
509516
509517
509518
509519
509520
509521
509522
509523
509524
509525
509547
509548
509549
509550
509551
509552
509553
509554
509572
509573
509574
509575
509576
509577
509578
509579
509580
509581
509582
509583
509584
509598
509599
509600
509601
509602
509603
509604
509605
509606
509607
509621
509622
509623
509624
509625
509626
509627
509654
509655
509656
509657
509658
509659
509660
509661
509662
509663
509673
509674
509675
509676
509677
509678
509679
509680
509681
509696
509697
509698
509699
509700
509701
509702
509703
509704
509713
509717
509718
509719
509720
509721
509722
509723
509724
509725
509726
509746
509747
509748
509749
509750
509751
509764
509765
509766
509767
509768
509769
509770
509771
509788
509789
509790
509791
509792
509793
509794
509795
509796
509797
509798
509799
509800
509824
509825
509826
509827
509828
509829
509830
509831
509832
509856
509857
509858
509859
509860
509861
509862
509875
509876
509877
509878
509879
509880
509890
509891
509892
509893
509894
509895
509896
509897
509898
509899
509900
509932
509933
509934
509935
509936
509937
509938
509939
509940
509960
509961
509962
509963
509964
509965
509966
509967
509968
509969
509970
509991
509992
509993
509994
509995
509996
509997
510022
510023
510024
510025
510026
510027
510028
510029
510030
510054
510055
510056
510057
510058
510059
510060
510061
510062
510063
510088
510089
510090
510091
510092
510093
510094
510113
510114
510115
510116
510117
510118
510119
510130
510131
510132
510133
510134
510135
510136
510137
510138
510139
510140
510147
510148
510149
510150
510151
510152
510153
510154
510155
510156
510172
510173
510174
510175
510176
510177
510178
510179
510180
510199
510200
510201
510202
510203
510204
510205
510206
510207
510208
510229
510230
510231
510232
510233
510234
510235
510236
510237
510238
510269
510270
510271
510272
510273
510274
510275
510276
510277
510278
510298
510299
510300
510301
510302
510303
510304
510305
510332
510333
510334
510335
510336
510337
510338
510359
510360
510361
510362
510363
510364
510365
510385
510386
510387
510388
510389
510390
510391
510392
510417
510418
510419
510420
510421
510422
510423
510424
510425
510457
510458
510459
510460
510461
510462
510463
510464
510465
510466
510467
510468
510500
510501
510502
510503
510504
510505
510506
510507
510545
510546
510547
510548
510549
510550
510551
510552
510553
510554
510555
510582
510583
510584
510585
510586
510587
510588
510608
510609
510610
510611
510612
510613
510614
510615
510639
510640
510641
510642
510643
510644
510645
510646
510669
510670
510671
510672
510673
510674
510706
510707
510708
510709
510710
510711
510712
510742
510743
510744
510745
510746
510747
510748
510749
510750
510783
510784
510785
510786
510787
510788
510789
510809
510810
510811
510812
510813
510814
510815
510816
510817
510818
510819
510845
510846
510847
510848
510849
510850
510851
510852
510853
510874
510875
510876
510877
510878
510879
510880
510881
510882
510883
510906
510907
510908
510909
510910
510911
510912
510939
510940
510941
510942
510943
510944
510945
510946
510947
510948
510975
510976
510977
510978
510979
510980
510981
510982
510983
511023
511024
511025
511026
511027
511028
511029
511030
511058
511059
511060
511061
511062
511063
511064
511065
511108
511109
511110
511111
511112
511113
511142
511143
511144
511145
511146
511147
511148
511149
511150
511170
511171
511172
511173
511174
511175
511176
511177
511178
511203
511204
511205
511206
511207
511208
511210
511211
511212
511213
511214
511215
511240
511241
511242
511243
511244
511245
511246
511247
511248
511249
511269
511270
511271
511272
511273
511274
511275
511305
511306
511307
511308
511309
511310
511311
511312
511313
511331
511332
511333
511334
511335
511336
511337
511364
511365
511366
511367
511368
511369
511370
511371
511419
511420
511421
511422
511423
511424
511425
511426
511427
511478
511479
511480
511481
511482
511483
511500
511501
511502
511503
511504
511505
511506
511507
511508
511540
511541
511542
511543
511544
511545
511546
511547
511548
511549
511550
511585
511586
511587
511588
511589
511590
511591
511613
511614
511615
511616
511617
511618
511619
511620
511621
511640
511641
511642
511643
511644
511645
511646
511647
511666
511667
511668
511669
511670
511671
511672
511673
511674
511698
511699
511700
511701
511702
511703
511726
511727
511728
511729
511730
511731
511732
511733
511770
511771
511772
511773
511774
511775
511776
511777
511803
511804
511805
511806
511807
511808
511809
511810
511811
511836
511837
511838
511839
511840
511841
511842
511843
511844
511845
511846
511872
511873
511874
511875
511876
511877
511878
511904
511905
511906
511907
511908
511909
511910
511911
511912
511939
511940
511941
511942
511943
511944
511945
511946
511947
511982
511983
511984
511985
511986
511987
511988
512021
512022
512023
512024
512025
512026
512060
512061
512062
512063
512064
512065
512066
512103
512104
512105
512106
512107
512108
512109
512110
512135
512136
512137
512138
512139
512140
512141
512174
512175
512176
512177
512178
512179
512215
512216
512217
512218
512219
512220
512221
512222
512261
512262
512263
512264
512265
512266
512267
512268
512306
512307
512308
512309
512310
512311
512312
512313
512314
512341
512342
512343
512344
512345
512346
512380
512381
512382
512383
512384
512385
512386
512425
512426
512427
512428
512429
512430
512431
512472
512473
512474
512475
512476
512477
512478
512479
512480
512512
512513
512514
512515
512516
512517
512518
512545
512546
512547
512548
512549
512550
512581
512582
512583
512584
512585
512619
512620
512621
512622
512623
512624
512625
512660
512661
512662
512663
512664
512665
512666
512692
512693
512694
512695
512696
512697
512698
512699
512700
512738
512739
512740
512741
512742
512743
512744
512775
512776
512777
512778
512779
512780
512805
512806
512807
512808
512809
512810
512844
512845
512846
512847
512848
512849
512850
512878
512879
512880
512881
512882
512883
512884
512885
512929
512930
512931
512932
512933
512972
512973
512974
512975
512976
512977
512978
512979
513008
513009
513010
513011
513012
513055
513056
513057
513058
513059
513060
513099
513100
513101
513102
513103
513104
513137
513138
513139
513140
513141
513142
513143
513144
513175
513176
513177
513178
513179
513180
513181
513182
513223
513224
513225
513226
513227
513228
513229
513230
513231
513270
513271
513272
513273
513274
513275
513276
513277
513310
513311
513312
513313
513314
513315
513316
513359
513360
513361
513362
513363
513364
513365
513366
513397
513398
513399
513400
513401
513402
513403
513404
513432
513433
513434
513435
513436
513437
513438
513439
513440
513469
513470
513471
513472
513473
513474
513501
513502
513503
513504
513505
513506
513507
513508
513539
513540
513541
513542
513543
513544
513545
513590
513591
513592
513593
513594
513595
513596
513630
513631
513632
513633
513634
513635
513670
513671
513672
513673
513674
513675
513676
513709
513710
513711
513712
513713
513714
513715
513749
513750
513751
513752
513753
513754
513755
513792
513793
513794
513795
513796
513797
513838
513839
513840
513841
513842
513874
513875
513876
513877
513912
513913
513914
513915
513916
513917
513948
513949
513950
513951
513952
513953
513954
513981
513982
513983
513984
513985
513986
514012
514013
514014
514015
514016
514017
514047
514048
514049
514050
514051
514052
514053
514088
514089
514090
514091
514092
514093
514094
514131
514132
514133
514134
514135
514136
514137
514138
514167
514168
514169
514170
514171
514172
514201
514202
514203
514204
514205
514206
514207
514208
514237
514238
514239
514240
514241
514242
514243
514244
514282
514283
514284
514285
514286
514287
514288
514320
514321
514322
514323
514324
514325
514326
514357
514358
514359
514360
514361
514362
514390
514391
514392
514393
514394
514395
514396
514428
514429
514430
514431
514432
514433
514434
514435
514472
514473
514474
514475
514476
514477
514478
514479
514523
514524
514525
514526
514527
514562
514563
514564
514565
514566
514567
514568
514569
514570
514599
514600
514601
514602
514603
514604
514605
514639
514640
514641
514642
514643
514644
514645
514646
514682
514683
514684
514685
514686
514687
514688
514689
514720
514721
514722
514723
514724
514725
514758
514759
514760
514761
514762
514763
514792
514793
514794
514795
514796
514797
514798
514830
514831
514832
514833
514834
514863
514864
514865
514866
514898
514899
514900
514901
514902
514903
514904
514935
514936
514937
514938
514939
514968
514969
514970
514971
514972
514973
514974
515014
515015
515016
515017
515018
515019
515020
515051
515052
515053
515054
515055
515085
515086
515087
515088
515089
515090
515120
515121
515122
515123
515124
515125
515126
515162
515163
515164
515165
515166
515167
515200
515201
515202
515203
515204
515205
515243
515244
515245
515246
515247
515248
515276
515277
515278
515279
515280
515281
515282
515283
515313
515314
515315
515316
515317
515318
515366
515367
515368
515369
515370
515371
515420
515421
515422
515423
515424
515425
515426
515427
515428
515475
515476
515477
515478
515479
515480
515481
515536
515537
515538
515539
515540
515541
515542
515543
515544
515545
515546
515547
515548
515564
515565
515566
515567
515568
515569
515570
515571
515614
515615
515616
515617
515618
515619
515660
515661
515662
515663
515700
515701
515702
515703
515704
515705
515706
515762
515763
515764
515765
515766
515838
515839
515840
515841
515842
515878
515879
515880
515881
515882
515883
515884
515885
515932
515933
515934
515935
515936
515937
515938
515939
515992
515993
515994
515995
515996
515997
516030
516031
516032
516033
516034
516035
516092
516093
516094
516095
516096
516161
516162
516163
516164
516165
516219
516220
516221
516222
516223
516224
516225
516274
516275
516276
516277
516278
516279
516280
516336
516337
516338
516339
516340
516341
516375
516376
516377
516378
516379
516436
516437
516438
516439
516440
516441
516442
516443
516497
516498
516499
516500
516501
516502
516548
516549
516550
516551
516552
516553
516554
516555
516556
516557
516602
516603
516604
516605
516607
516608
516609
516651
516652
516653
516654
516655
516657
516705
516706
516707
516708
516766
516767
516768
516769
516770
516771
516809
516810
516811
516812
516813
516846
516847
516848
516849
516850
516851
516917
516918
516919
516920
516921
516923
516924
516968
516969
516970
516971
516972
516973
516974
516975
517033
517034
517035
517036
517037
517038
517039
517095
517096
517097
517098
517099
517100
517150
517151
517152
517153
517200
517201
517202
517203
517204
517205
517206
517207
517240
517241
517242
517243
517278
517279
517280
517281
517282
517283
517333
517334
517335
517336
517337
517390
517391
517392
517393
517394
517438
517439
517440
517441
517442
517487
517488
517489
517490
517491
517492
517531
517532
517533
517534
517535
517536
517537
517599
517600
517601
517602
517603
517604
517659
517660
517661
517662
517663
517664
517707
517708
517709
517710
517711
517712
517713
517756
517757
517758
517759
517760
517761
517806
517807
517808
517809
517810
517812
517876
517877
517878
517879
517880
517881
517926
517927
517928
517929
517930
517931
517932
517999
518000
518001
518002
518003
518004
518049
518050
518051
518052
518053
518054
518099
518100
518101
518102
518103
518104
518174
518175
518176
518177
518178
518179
518234
518235
518236
518237
518238
518240
518282
518283
518284
518285
518286
518287
518288
518347
518348
518349
518351
518352
518353
518377
518378
518379
518380
518381
518382
518439
518440
518441
518442
518443
518444
518491
518492
518493
518494
518495
518496
518498
518552
518553
518554
518555
518556
518557
518617
518618
518619
518620
518621
518667
518668
518669
518670
518671
518672
518728
518729
518730
518731
518732
518783
518784
518785
518786
518787
518788
518838
518839
518840
518841
518842
518843
518844
518845
518846
518892
518893
518894
518895
518896
518897
518942
518943
518944
518945
518946
518947
518990
518991
518992
518993
518994
519060
519061
519062
519063
519064
519065
519066
519127
519128
519129
519130
519131
519132
519133
519192
519195
519196
519197
519198
519199
519200
519254
519255
519256
519257
519297
519298
519299
519300
519301
519339
519340
519341
519342
519343
